train: 0.22030214965343475	0.17743758857250214
validation: 0.3278562128543854	0.36674463748931885
test: 0.3284725844860077	0.3449917733669281
